                           CHEMBL3259820 3,11,21
                           CHEMBL3264994 37,13,35
                           CHEMBL3264995 3,11,21
                           CHEMBL3264996 28,19,16
                           CHEMBL3264997 3,11,21
                           CHEMBL3264998 3,11,21
                           CHEMBL3264999 3,11,21
                           CHEMBL3265000 3,11,21
                           CHEMBL3265001 3,11,21
                           CHEMBL3265002 3,11,21
                           CHEMBL3265003 3,11,21
                           CHEMBL3265004 3,11,21
                           CHEMBL3265005 3,11,21
                           CHEMBL3265006 21,12,9
                           CHEMBL3265008 3,11,22
                           CHEMBL3265009 3,11,22
                           CHEMBL3265010 3,11,23
                           CHEMBL3265011 3,11,17
                           CHEMBL3265012 3,11,25
                           CHEMBL3265013 3,11,25
                           CHEMBL3265014 3,11,26
                           CHEMBL3265015 3,11,17
                           CHEMBL3265016 3,11,24
                           CHEMBL3265017 3,11,24
                           CHEMBL3265018 3,11,17
                           CHEMBL3265019 3,11,17
                           CHEMBL3265020 3,11,24
                           CHEMBL3265021 3,11,24
                           CHEMBL3265022 3,11,25
                           CHEMBL3265023 3,11,25
                           CHEMBL3265024 3,11,26
                           CHEMBL3265025 3,11,26
                           CHEMBL3265026 3,11,25
                           CHEMBL3265027 5,11,24
                           CHEMBL3265028 4,12,25
                           CHEMBL3265029 26,11,24
                         CHEMBL3265030-n 30,15,28
                           CHEMBL3265031 32,17,30
                           CHEMBL3265032 30,15,28
                           CHEMBL3265033 9,17,30
                           CHEMBL3265034 7,15,28
                           CHEMBL3265035 29,14,27
                           CHEMBL3265036 8,16,29
                           CHEMBL3265037 25,10,23
