Run semi-empirical minimization
 &qmmm
    qm_theory='AM1', grms_tol=0.0005,
 scfconv=1.d-10, ndiis_attempts=700,   qmcharge=0,
 /
   6    C1       35.7020       33.1530       32.3410 
   8   O17       36.2470       33.7800       31.1990 
   6    C2       35.6700       31.7460       32.3390 
   6   C2'       35.9310       30.7870       31.1890 
   6    C3       35.0780       31.1220       33.4860 
   6    C4       34.6220       31.9380       34.5260 
   6    C5       34.8110       33.3230       34.5190 
   6    C6       35.3130       33.9530       33.4170 
   6   C6'       35.6430       35.4600       33.4980 
   6   C13       35.5860       33.9650       30.0300 
   7   N12       34.3850       33.5210       29.8370 
   6   C11       33.8040       33.7960       28.6690 
   7    N5       32.6050       33.2140       28.3880 
   7   N16       34.3710       34.4190       27.6180 
   6   C15       35.5440       34.8610       27.8220 
   7   N18       35.8480       35.4320       26.6740 
   6   C14       36.2650       34.6700       28.9980 
   6   C21       31.8170       32.1960       29.0420 
   6   C22       30.6990       31.7750       28.3180 
   6   C23       29.9190       30.6890       28.6090 
   6   C24       30.1610       29.9700       29.8600 
   6   C25       31.2070       30.4630       30.6960 
   6   C26       32.0440       31.4970       30.2570 
   6   C27       29.4330       28.6830       30.0340 
   7   N27       28.8860       27.6750       30.1730 
   6   C4'       33.9860       31.2660       35.6580 
   7   N4'       33.5130       30.8650       36.5970 
  35    Br       37.9500       35.4660       29.2280 
   1  H2'1       36.3110       31.3640       30.3360 
   1  H2'2       34.9880       30.4950       30.7080 
   1  H2'3       36.4520       29.8410       31.3780 
   1   HC3       35.1050       30.0400       33.5720 
   1   HC5       34.4090       33.9400       35.3170 
   1  H6'1       36.0170       35.9040       32.5670 
   1  H6'2       36.4270       35.5970       34.2540 
   1  H6'3       34.8070       36.0810       33.8410 
   1   HN5       32.2420       33.5400       27.5020 
   1  H181       36.7980       35.7450       26.5250 
   1  H182       35.1200       35.4670       25.9720 
   1  HC22       30.4830       32.3930       27.4520 
   1  HC23       29.0400       30.4320       28.0250 
   1  HC25       31.4450       29.9560       31.6260 
   1  HC26       32.9140       31.7000       30.8750 

