                       CHEMBL3402741-400 22,25,17
                        CHEMBL3402742-23 20,23,15
                        CHEMBL3402743-42 20,23,15
                       CHEMBL3402744-300 15,18,10
                       CHEMBL3402745-200 16,19,11
                      CHEMBL3402747-3400 16,19,11
                      CHEMBL3402748-5300 15,18,10
                       CHEMBL3402749-500 16,19,11
                       CHEMBL3402750-400 16,19,11
                      CHEMBL3402751-2100 16,19,11
                     CHEMBL3402752-30000 16,19,11
                       CHEMBL3402753-200 17,20,12
                        CHEMBL3402754-40 17,20,12
                      CHEMBL3402755-4200 17,20,12
                       CHEMBL3402756-2.7 23,26,18
                       CHEMBL3402757-6.5 23,26,18
                        CHEMBL3402758-10 23,26,18
                       CHEMBL3402759-5.7 33,6,11
                         CHEMBL3402760-1 23,26,18
                         CHEMBL3402761-1 2,29,7
                         CHEMBL3402762-1 23,26,18
                        CHEMBL3402763-90 22,25,17
                        CHEMBL3402764-90 20,23,15
        CHEMBL3402765-11-charged-pKa-8.1 33,6,11
