Replica  State  Lambda Lambda1 Lambda2 Alpha U0 W0coeff Temperature Status  Cycle 
     0       1   0.050  0.000  0.100  0.100 110.00   0.00 298.15     R    127
     1       0   0.000  0.000  0.000  0.100 110.00   0.00 298.15     R    127
     2       6   0.300  0.100  0.500  0.100 110.00   0.00 298.15     R    127
     3      11   0.500  0.500  0.500  0.100 110.00   0.00 298.15     W    128
     4       5   0.250  0.000  0.500  0.100 110.00   0.00 298.15     W    128
     5       2   0.100  0.000  0.200  0.100 110.00   0.00 298.15     W    128
     6      18   0.850  0.000  0.300  0.100 110.00   0.00 298.15     W    127
     7      14   0.650  0.200  0.500  0.100 110.00   0.00 298.15     W    127
     8       7   0.350  0.200  0.500  0.100 110.00   0.00 298.15     W    127
     9       8   0.400  0.300  0.500  0.100 110.00   0.00 298.15     W    127
    10      15   0.700  0.100  0.500  0.100 110.00   0.00 298.15     W    127
    11      21   1.000  0.000  0.000  0.100 110.00   0.00 298.15     W    127
    12      16   0.750  0.000  0.500  0.100 110.00   0.00 298.15     W    127
    13       3   0.150  0.000  0.300  0.100 110.00   0.00 298.15     W    127
    14      10   0.500  0.500  0.500  0.100 110.00   0.00 298.15     W    127
    15      13   0.600  0.300  0.500  0.100 110.00   0.00 298.15     W    127
    16       4   0.200  0.000  0.400  0.100 110.00   0.00 298.15     W    127
    17      19   0.900  0.000  0.200  0.100 110.00   0.00 298.15     W    127
    18      17   0.800  0.000  0.400  0.100 110.00   0.00 298.15     W    127
    19       9   0.450  0.400  0.500  0.100 110.00   0.00 298.15     W    127
    20      20   0.950  0.000  0.100  0.100 110.00   0.00 298.15     W    127
    21      12   0.550  0.400  0.500  0.100 110.00   0.00 298.15     R    126
Running = 4
Waiting = 18
