Replica  State  Lambda Lambda1 Lambda2 Alpha U0 W0coeff Temperature Status  Cycle 
     0       6   0.300  0.100  0.500  0.100 110.00   0.00 298.15     W    129
     1       3   0.150  0.000  0.300  0.100 110.00   0.00 298.15     W    129
     2       2   0.100  0.000  0.200  0.100 110.00   0.00 298.15     R    128
     3       5   0.250  0.000  0.500  0.100 110.00   0.00 298.15     R    128
     4       4   0.200  0.000  0.400  0.100 110.00   0.00 298.15     R    128
     5       9   0.450  0.400  0.500  0.100 110.00   0.00 298.15     R    128
     6       0   0.000  0.000  0.000  0.100 110.00   0.00 298.15     W    129
     7       1   0.050  0.000  0.100  0.100 110.00   0.00 298.15     W    129
     8      18   0.850  0.000  0.300  0.100 110.00   0.00 298.15     W    128
     9       7   0.350  0.200  0.500  0.100 110.00   0.00 298.15     W    128
    10      10   0.500  0.500  0.500  0.100 110.00   0.00 298.15     W    128
    11      11   0.500  0.500  0.500  0.100 110.00   0.00 298.15     W    128
    12      16   0.750  0.000  0.500  0.100 110.00   0.00 298.15     W    128
    13      19   0.900  0.000  0.200  0.100 110.00   0.00 298.15     W    128
    14      13   0.600  0.300  0.500  0.100 110.00   0.00 298.15     W    128
    15       8   0.400  0.300  0.500  0.100 110.00   0.00 298.15     W    128
    16      12   0.550  0.400  0.500  0.100 110.00   0.00 298.15     W    128
    17      15   0.700  0.100  0.500  0.100 110.00   0.00 298.15     W    128
    18      17   0.800  0.000  0.400  0.100 110.00   0.00 298.15     W    128
    19      14   0.650  0.200  0.500  0.100 110.00   0.00 298.15     W    128
    20      21   1.000  0.000  0.000  0.100 110.00   0.00 298.15     W    128
    21      20   0.950  0.000  0.100  0.100 110.00   0.00 298.15     W    128
Running = 4
Waiting = 18
