Replica  State  Lambda Lambda1 Lambda2 Alpha U0 W0coeff Temperature Status  Cycle 
     0      19   0.900  0.000  0.200  0.100 110.00   0.00 298.15     R    252
     1      12   0.550  0.400  0.500  0.100 110.00   0.00 298.15     R    252
     2      20   0.950  0.000  0.100  0.100 110.00   0.00 298.15     R    252
     3       6   0.300  0.100  0.500  0.100 110.00   0.00 298.15     R    252
     4      15   0.700  0.100  0.500  0.100 110.00   0.00 298.15     W    253
     5       1   0.050  0.000  0.100  0.100 110.00   0.00 298.15     W    253
     6      10   0.500  0.500  0.500  0.100 110.00   0.00 298.15     W    253
     7      16   0.750  0.000  0.500  0.100 110.00   0.00 298.15     W    253
     8       9   0.450  0.400  0.500  0.100 110.00   0.00 298.15     W    252
     9      18   0.850  0.000  0.300  0.100 110.00   0.00 298.15     W    252
    10       0   0.000  0.000  0.000  0.100 110.00   0.00 298.15     W    252
    11       4   0.200  0.000  0.400  0.100 110.00   0.00 298.15     W    252
    12      14   0.650  0.200  0.500  0.100 110.00   0.00 298.15     W    252
    13       2   0.100  0.000  0.200  0.100 110.00   0.00 298.15     W    252
    14       3   0.150  0.000  0.300  0.100 110.00   0.00 298.15     W    252
    15      17   0.800  0.000  0.400  0.100 110.00   0.00 298.15     W    252
    16       8   0.400  0.300  0.500  0.100 110.00   0.00 298.15     W    252
    17       7   0.350  0.200  0.500  0.100 110.00   0.00 298.15     W    252
    18       5   0.250  0.000  0.500  0.100 110.00   0.00 298.15     W    252
    19      11   0.500  0.500  0.500  0.100 110.00   0.00 298.15     W    252
    20      13   0.600  0.300  0.500  0.100 110.00   0.00 298.15     W    252
    21      21   1.000  0.000  0.000  0.100 110.00   0.00 298.15     W    252
Running = 4
Waiting = 18
